2.429999923706054688e+01 1.879999923706054688e+01
2.429999923706054688e+01 1.889999961853027344e+01
2.400000000000000000e+01 1.889999961853027344e+01
2.370000076293945312e+01 1.889999961853027344e+01
2.279999923706054688e+01 1.889999961853027344e+01
2.260000038146972656e+01 1.900000000000000000e+01
2.239999961853027344e+01 1.900000000000000000e+01
2.229999923706054688e+01 1.920000076293945312e+01
2.279999923706054688e+01 1.910000038146972656e+01
2.370000076293945312e+01 1.889999961853027344e+01
2.450000000000000000e+01 1.870000076293945312e+01
2.360000038146972656e+01 1.879999923706054688e+01
2.460000038146972656e+01 1.870000076293945312e+01
2.550000000000000000e+01 1.860000038146972656e+01
2.729999923706054688e+01 1.850000000000000000e+01
2.970000076293945312e+01 1.800000000000000000e+01
2.950000000000000000e+01 1.800000000000000000e+01
2.910000038146972656e+01 1.779999923706054688e+01
2.729999923706054688e+01 1.800000000000000000e+01
2.520000076293945312e+01 1.829999923706054688e+01
2.429999923706054688e+01 1.839999961853027344e+01
2.389999961853027344e+01 1.829999923706054688e+01
2.360000038146972656e+01 1.850000000000000000e+01
2.329999923706054688e+01 1.850000000000000000e+01
2.300000000000000000e+01 1.850000000000000000e+01
2.289999961853027344e+01 1.839999961853027344e+01
2.279999923706054688e+01 1.850000000000000000e+01
2.279999923706054688e+01 1.850000000000000000e+01
2.270000076293945312e+01 1.850000000000000000e+01
2.250000000000000000e+01 1.850000000000000000e+01
2.229999923706054688e+01 1.850000000000000000e+01
2.239999961853027344e+01 1.850000000000000000e+01
2.360000038146972656e+01 1.839999961853027344e+01
2.589999961853027344e+01 1.810000038146972656e+01
2.750000000000000000e+01 1.779999923706054688e+01
2.939999961853027344e+01 1.779999923706054688e+01
3.450000000000000000e+01 1.700000000000000000e+01
3.400000000000000000e+01 1.700000000000000000e+01
3.629999923706054688e+01 1.650000000000000000e+01
3.650000000000000000e+01 1.629999923706054688e+01
3.010000038146972656e+01 1.770000076293945312e+01
2.910000038146972656e+01 1.770000076293945312e+01
2.789999961853027344e+01 1.770000076293945312e+01
2.670000076293945312e+01 1.779999923706054688e+01
2.570000076293945312e+01 1.789999961853027344e+01
2.510000038146972656e+01 1.800000000000000000e+01
2.479999923706054688e+01 1.800000000000000000e+01
2.450000000000000000e+01 1.800000000000000000e+01
2.400000000000000000e+01 1.820000076293945312e+01
2.360000038146972656e+01 1.800000000000000000e+01
2.329999923706054688e+01 1.810000038146972656e+01
2.310000038146972656e+01 1.810000038146972656e+01
2.279999923706054688e+01 1.820000076293945312e+01
2.260000038146972656e+01 1.810000038146972656e+01
2.239999961853027344e+01 1.810000038146972656e+01
2.260000038146972656e+01 1.800000000000000000e+01
2.450000000000000000e+01 1.779999923706054688e+01
2.570000076293945312e+01 1.789999961853027344e+01
2.879999923706054688e+01 1.739999961853027344e+01
3.079999923706054688e+01 1.720000076293945312e+01
3.529999923706054688e+01 1.670000076293945312e+01
3.509999847412109375e+01 1.660000038146972656e+01
3.509999847412109375e+01 1.650000000000000000e+01
3.490000152587890625e+01 1.650000000000000000e+01
3.010000038146972656e+01 2.039999961853027344e+01
3.020000076293945312e+01 1.970000076293945312e+01
2.860000038146972656e+01 1.939999961853027344e+01
2.739999961853027344e+01 1.920000076293945312e+01
2.650000000000000000e+01 1.900000000000000000e+01
2.629999923706054688e+01 1.910000038146972656e+01
2.579999923706054688e+01 1.889999961853027344e+01
2.560000038146972656e+01 1.879999923706054688e+01
2.550000000000000000e+01 1.870000076293945312e+01
2.529999923706054688e+01 1.879999923706054688e+01
2.500000000000000000e+01 1.870000076293945312e+01
2.470000076293945312e+01 1.879999923706054688e+01
2.460000038146972656e+01 1.870000076293945312e+01
2.439999961853027344e+01 1.870000076293945312e+01
2.410000038146972656e+01 1.870000076293945312e+01
2.370000076293945312e+01 1.879999923706054688e+01
2.410000038146972656e+01 1.879999923706054688e+01
2.529999923706054688e+01 1.850000000000000000e+01
2.660000038146972656e+01 1.839999961853027344e+01
2.839999961853027344e+01 1.810000038146972656e+01
2.920000076293945312e+01 1.779999923706054688e+01
3.010000038146972656e+01 1.770000076293945312e+01
2.939999961853027344e+01 1.770000076293945312e+01
2.839999961853027344e+01 1.770000076293945312e+01
2.800000000000000000e+01 1.770000076293945312e+01
2.710000038146972656e+01 1.770000076293945312e+01
2.610000038146972656e+01 1.789999961853027344e+01
2.550000000000000000e+01 1.789999961853027344e+01
2.529999923706054688e+01 1.789999961853027344e+01
2.460000038146972656e+01 1.779999923706054688e+01
2.310000038146972656e+01 1.850000000000000000e+01
2.260000038146972656e+01 1.970000076293945312e+01
2.250000000000000000e+01 2.729999923706054688e+01
2.210000038146972656e+01 2.850000000000000000e+01
2.189999961853027344e+01 2.879999923706054688e+01
2.210000038146972656e+01 2.850000000000000000e+01
2.200000000000000000e+01 2.870000076293945312e+01
2.200000000000000000e+01 2.789999961853027344e+01
2.210000038146972656e+01 2.770000076293945312e+01
2.220000076293945312e+01 2.739999961853027344e+01
2.220000076293945312e+01 3.129999923706054688e+01
2.229999923706054688e+01 2.939999961853027344e+01
2.300000000000000000e+01 2.850000000000000000e+01
2.329999923706054688e+01 2.800000000000000000e+01
2.370000076293945312e+01 2.800000000000000000e+01
2.410000038146972656e+01 2.770000076293945312e+01
2.379999923706054688e+01 2.779999923706054688e+01
2.379999923706054688e+01 2.910000038146972656e+01
2.360000038146972656e+01 3.100000000000000000e+01
2.350000000000000000e+01 3.100000000000000000e+01
2.329999923706054688e+01 2.910000038146972656e+01
2.300000000000000000e+01 2.820000076293945312e+01
2.300000000000000000e+01 2.770000076293945312e+01
2.289999961853027344e+01 2.770000076293945312e+01
2.279999923706054688e+01 2.750000000000000000e+01
2.289999961853027344e+01 2.739999961853027344e+01
2.279999923706054688e+01 2.739999961853027344e+01
2.270000076293945312e+01 2.739999961853027344e+01
2.279999923706054688e+01 2.720000076293945312e+01
2.279999923706054688e+01 2.729999923706054688e+01
2.279999923706054688e+01 2.710000038146972656e+01
2.279999923706054688e+01 2.710000038146972656e+01
2.260000038146972656e+01 2.700000000000000000e+01
2.270000076293945312e+01 2.689999961853027344e+01
2.350000000000000000e+01 2.670000076293945312e+01
2.439999961853027344e+01 2.639999961853027344e+01
2.479999923706054688e+01 2.629999923706054688e+01
2.570000076293945312e+01 2.600000000000000000e+01
2.800000000000000000e+01 2.539999961853027344e+01
2.910000038146972656e+01 2.500000000000000000e+01
3.100000000000000000e+01 2.420000076293945312e+01
3.309999847412109375e+01 2.320000076293945312e+01
3.100000000000000000e+01 2.370000076293945312e+01
2.989999961853027344e+01 2.370000076293945312e+01
2.729999923706054688e+01 2.420000076293945312e+01
2.610000038146972656e+01 2.429999923706054688e+01
2.560000038146972656e+01 2.429999923706054688e+01
2.529999923706054688e+01 2.420000076293945312e+01
2.500000000000000000e+01 2.420000076293945312e+01
2.470000076293945312e+01 2.420000076293945312e+01
2.429999923706054688e+01 2.420000076293945312e+01
2.400000000000000000e+01 2.420000076293945312e+01
2.360000038146972656e+01 2.410000038146972656e+01
2.339999961853027344e+01 2.410000038146972656e+01
2.320000076293945312e+01 2.420000076293945312e+01
2.310000038146972656e+01 2.410000038146972656e+01
2.289999961853027344e+01 2.400000000000000000e+01
2.310000038146972656e+01 2.389999961853027344e+01
2.360000038146972656e+01 2.370000076293945312e+01
2.454999923706054688e+01 2.220000076293945312e+01
2.502499961853027344e+01 2.145000076293945312e+01
2.526250076293945312e+01 2.107500076293945312e+01
2.538125038146972656e+01 2.088750076293945312e+01
2.544062423706054688e+01 2.079375076293945312e+01
2.547031211853027344e+01 2.074687576293945312e+01
2.548515701293945312e+01 2.072343826293945312e+01
2.549257850646972656e+01 2.071171951293945312e+01
2.549628829956054688e+01 2.070586013793945312e+01
2.549814414978027344e+01 2.070293045043945312e+01
2.549907302856445312e+01 2.070146560668945312e+01
2.549953651428222656e+01 2.070073318481445312e+01
2.549976730346679688e+01 2.070036697387695312e+01
2.549988365173339844e+01 2.070018386840820312e+01
2.549994277954101562e+01 2.070009231567382812e+01
2.549997138977050781e+01 2.070004653930664062e+01
2.549998474121093750e+01 2.070002365112304688e+01
2.549999237060546875e+01 2.070001220703125000e+01
2.549999618530273438e+01 2.070000648498535156e+01
2.549999809265136719e+01 2.070000267028808594e+01
2.550000000000000000e+01 2.070000076293945312e+01
2.550000000000000000e+01 2.070000076293945312e+01
2.550000000000000000e+01 2.070000076293945312e+01
2.550000000000000000e+01 2.070000076293945312e+01
2.579999923706054688e+01 2.050000000000000000e+01
2.770000076293945312e+01 2.000000000000000000e+01
2.729999923706054688e+01 2.070000076293945312e+01
3.350000000000000000e+01 1.939999961853027344e+01
3.300000000000000000e+01 1.900000000000000000e+01
3.509999847412109375e+01 1.800000000000000000e+01
3.490000152587890625e+01 1.779999923706054688e+01
3.189999961853027344e+01 1.820000076293945312e+01
2.950000000000000000e+01 1.850000000000000000e+01
2.870000076293945312e+01 1.860000038146972656e+01
2.650000000000000000e+01 1.900000000000000000e+01
2.570000076293945312e+01 1.920000076293945312e+01
2.489999961853027344e+01 1.920000076293945312e+01
2.400000000000000000e+01 1.960000038146972656e+01
2.350000000000000000e+01 1.970000076293945312e+01
2.310000038146972656e+01 1.970000076293945312e+01
2.270000076293945312e+01 1.970000076293945312e+01
2.220000076293945312e+01 1.989999961853027344e+01
2.195000076293945312e+01 1.989999961853027344e+01
2.170000076293945312e+01 1.989999961853027344e+01
2.150000000000000000e+01 1.979999923706054688e+01
2.120000076293945312e+01 2.000000000000000000e+01
2.200000000000000000e+01 1.989999961853027344e+01
2.429999923706054688e+01 1.960000038146972656e+01
2.579999923706054688e+01 1.929999923706054688e+01
2.650000000000000000e+01 2.600000000000000000e+01
2.910000038146972656e+01 2.410000038146972656e+01
3.290000152587890625e+01 2.250000000000000000e+01
3.160000038146972656e+01 2.300000000000000000e+01
3.359999847412109375e+01 2.310000038146972656e+01
3.429999923706054688e+01 2.220000076293945312e+01
3.079999923706054688e+01 2.220000076293945312e+01
2.960000038146972656e+01 2.220000076293945312e+01
2.810000038146972656e+01 2.229999923706054688e+01
2.720000076293945312e+01 2.239999961853027344e+01
2.650000000000000000e+01 2.220000076293945312e+01
2.600000000000000000e+01 2.229999923706054688e+01
2.560000038146972656e+01 2.220000076293945312e+01
2.550000000000000000e+01 2.220000076293945312e+01
2.529999923706054688e+01 2.220000076293945312e+01
2.520000076293945312e+01 2.129999923706054688e+01
2.479999923706054688e+01 2.220000076293945312e+01
2.460000038146972656e+01 2.220000076293945312e+01
2.439999961853027344e+01 2.129999923706054688e+01
2.420000076293945312e+01 2.129999923706054688e+01
2.400000000000000000e+01 2.120000076293945312e+01
2.420000076293945312e+01 2.110000038146972656e+01
2.479999923706054688e+01 2.100000000000000000e+01
2.639999961853027344e+01 2.070000076293945312e+01
2.800000000000000000e+01 2.039999961853027344e+01
2.970000076293945312e+01 1.989999961853027344e+01
3.459999847412109375e+01 1.889999961853027344e+01
3.279999923706054688e+01 1.900000000000000000e+01
3.300000000000000000e+01 1.820000076293945312e+01
3.079999923706054688e+01 1.850000000000000000e+01
3.129999923706054688e+01 1.850000000000000000e+01
2.870000076293945312e+01 1.850000000000000000e+01
2.800000000000000000e+01 1.870000076293945312e+01
2.679999923706054688e+01 1.900000000000000000e+01
2.620000076293945312e+01 1.900000000000000000e+01
2.579999923706054688e+01 1.900000000000000000e+01
2.560000038146972656e+01 1.920000076293945312e+01
2.500000000000000000e+01 1.920000076293945312e+01
2.460000038146972656e+01 1.929999923706054688e+01
2.420000076293945312e+01 1.950000000000000000e+01
2.410000038146972656e+01 1.950000000000000000e+01
2.439999961853027344e+01 1.960000038146972656e+01
2.420000076293945312e+01 1.960000038146972656e+01
2.420000076293945312e+01 1.970000076293945312e+01
2.329999923706054688e+01 2.300000000000000000e+01
2.410000038146972656e+01 2.400000000000000000e+01
2.610000038146972656e+01 2.329999923706054688e+01
2.800000000000000000e+01 2.260000038146972656e+01
2.950000000000000000e+01 2.120000076293945312e+01
2.810000038146972656e+01 2.129999923706054688e+01
3.300000000000000000e+01 2.020000076293945312e+01
3.000000000000000000e+01 2.020000076293945312e+01
3.100000000000000000e+01 1.970000076293945312e+01
3.000000000000000000e+01 1.950000000000000000e+01
2.839999961853027344e+01 1.950000000000000000e+01
2.800000000000000000e+01 1.960000038146972656e+01
2.710000038146972656e+01 1.970000076293945312e+01
2.610000038146972656e+01 1.989999961853027344e+01
2.560000038146972656e+01 1.989999961853027344e+01
2.520000076293945312e+01 2.000000000000000000e+01
2.500000000000000000e+01 2.000000000000000000e+01
2.450000000000000000e+01 2.010000038146972656e+01
2.379999923706054688e+01 2.020000076293945312e+01
2.350000000000000000e+01 2.020000076293945312e+01
2.310000038146972656e+01 2.029999923706054688e+01
2.279999923706054688e+01 2.039999961853027344e+01
2.250000000000000000e+01 2.039999961853027344e+01
2.229999923706054688e+01 2.039999961853027344e+01
2.229999923706054688e+01 2.050000000000000000e+01
2.310000038146972656e+01 2.050000000000000000e+01
2.550000000000000000e+01 2.010000038146972656e+01
2.770000076293945312e+01 1.970000076293945312e+01
2.629999923706054688e+01 2.129999923706054688e+01
2.900000000000000000e+01 2.039999961853027344e+01
3.309999847412109375e+01 1.950000000000000000e+01
3.300000000000000000e+01 1.879999923706054688e+01
3.459999847412109375e+01 1.820000076293945312e+01
3.429999923706054688e+01 1.779999923706054688e+01
3.050000000000000000e+01 1.810000038146972656e+01
2.729999923706054688e+01 1.860000038146972656e+01
2.679999923706054688e+01 1.850000000000000000e+01
2.579999923706054688e+01 1.870000076293945312e+01
2.479999923706054688e+01 1.889999961853027344e+01
2.429999923706054688e+01 1.910000038146972656e+01
2.400000000000000000e+01 1.920000076293945312e+01
2.339999961853027344e+01 1.920000076293945312e+01
2.285000038146972656e+01 1.929999923706054688e+01
2.229999923706054688e+01 1.929999923706054688e+01
2.204999923706054688e+01 1.950000000000000000e+01
2.179999923706054688e+01 1.950000000000000000e+01
2.150000000000000000e+01 1.950000000000000000e+01
2.120000076293945312e+01 1.960000038146972656e+01
2.089999961853027344e+01 1.960000038146972656e+01
2.160000038146972656e+01 1.960000038146972656e+01
2.400000000000000000e+01 1.939999961853027344e+01
2.589999961853027344e+01 1.920000076293945312e+01
2.700000000000000000e+01 2.550000000000000000e+01
2.860000038146972656e+01 2.420000076293945312e+01
3.379999923706054688e+01 2.129999923706054688e+01
3.300000000000000000e+01 2.070000076293945312e+01
3.409999847412109375e+01 1.970000076293945312e+01
3.500000000000000000e+01 1.900000000000000000e+01
3.000000000000000000e+01 1.929999923706054688e+01
2.979999923706054688e+01 1.920000076293945312e+01
2.720000076293945312e+01 1.960000038146972656e+01
2.520000076293945312e+01 1.970000076293945312e+01
2.420000076293945312e+01 1.979999923706054688e+01
2.329999923706054688e+01 2.000000000000000000e+01
2.289999961853027344e+01 2.000000000000000000e+01
2.225000000000000000e+01 2.000000000000000000e+01
2.160000038146972656e+01 2.000000000000000000e+01
2.079999923706054688e+01 2.010000038146972656e+01
2.039999961853027344e+01 2.020000076293945312e+01
2.020000076293945312e+01 2.020000076293945312e+01
2.000000000000000000e+01 2.020000076293945312e+01
1.979999923706054688e+01 2.020000076293945312e+01
1.939999961853027344e+01 2.020000076293945312e+01
2.010000038146972656e+01 2.020000076293945312e+01
2.279999923706054688e+01 2.000000000000000000e+01
2.510000038146972656e+01 1.979999923706054688e+01
2.710000038146972656e+01 1.950000000000000000e+01
2.800000000000000000e+01 1.910000038146972656e+01
3.100000000000000000e+01 1.910000038146972656e+01
3.150000000000000000e+01 2.039999961853027344e+01
3.279999923706054688e+01 1.929999923706054688e+01
3.400000000000000000e+01 1.850000000000000000e+01
2.960000038146972656e+01 1.850000000000000000e+01
2.939999961853027344e+01 1.860000038146972656e+01
2.620000076293945312e+01 1.889999961853027344e+01
2.420000076293945312e+01 1.900000000000000000e+01
2.310000038146972656e+01 1.939999961853027344e+01
2.260000038146972656e+01 1.950000000000000000e+01
2.200000000000000000e+01 1.960000038146972656e+01
2.120000076293945312e+01 1.970000076293945312e+01
2.100000000000000000e+01 1.960000038146972656e+01
2.060000038146972656e+01 1.970000076293945312e+01
2.070000076293945312e+01 1.970000076293945312e+01
2.070000076293945312e+01 1.970000076293945312e+01
2.035000038146972656e+01 1.979999923706054688e+01
2.000000000000000000e+01 1.979999923706054688e+01
1.970000076293945312e+01 1.979999923706054688e+01
2.000000000000000000e+01 2.479999923706054688e+01
2.150000000000000000e+01 2.329999923706054688e+01
2.410000038146972656e+01 2.250000000000000000e+01
2.529999923706054688e+01 2.100000000000000000e+01
2.750000000000000000e+01 2.050000000000000000e+01
2.689999961853027344e+01 2.010000038146972656e+01
2.760000038146972656e+01 1.960000038146972656e+01
2.979999923706054688e+01 1.900000000000000000e+01
2.850000000000000000e+01 1.889999961853027344e+01
2.879999923706054688e+01 1.860000038146972656e+01
2.400000000000000000e+01 2.610000038146972656e+01
2.460000038146972656e+01 2.420000076293945312e+01
2.229999923706054688e+01 2.389999961853027344e+01
2.160000038146972656e+01 2.339999961853027344e+01
2.079999923706054688e+01 2.310000038146972656e+01
2.029999923706054688e+01 2.279999923706054688e+01
2.000000000000000000e+01 2.279999923706054688e+01
1.960000038146972656e+01 2.260000038146972656e+01
1.950000000000000000e+01 2.250000000000000000e+01
1.879999923706054688e+01 2.250000000000000000e+01
1.889999961853027344e+01 2.229999923706054688e+01
1.860000038146972656e+01 2.229999923706054688e+01
1.879999923706054688e+01 2.129999923706054688e+01
1.879999923706054688e+01 2.129999923706054688e+01
1.900000000000000000e+01 2.120000076293945312e+01
1.989999961853027344e+01 2.100000000000000000e+01
2.260000038146972656e+01 2.079999923706054688e+01
2.520000076293945312e+01 2.029999923706054688e+01
2.660000038146972656e+01 2.010000038146972656e+01
2.870000076293945312e+01 1.970000076293945312e+01
2.889999961853027344e+01 1.929999923706054688e+01
3.129999923706054688e+01 1.879999923706054688e+01
2.960000038146972656e+01 1.860000038146972656e+01
2.900000000000000000e+01 1.860000038146972656e+01
2.739999961853027344e+01 1.889999961853027344e+01
2.510000038146972656e+01 1.929999923706054688e+01
2.329999923706054688e+01 1.950000000000000000e+01
2.200000000000000000e+01 1.960000038146972656e+01
2.110000038146972656e+01 1.970000076293945312e+01
2.060000038146972656e+01 1.970000076293945312e+01
2.020000076293945312e+01 1.979999923706054688e+01
1.989999961853027344e+01 1.989999961853027344e+01
1.960000038146972656e+01 2.000000000000000000e+01
1.929999923706054688e+01 1.989999961853027344e+01
1.900000000000000000e+01 2.000000000000000000e+01
1.879999923706054688e+01 2.000000000000000000e+01
1.860000038146972656e+01 2.000000000000000000e+01
1.810000038146972656e+01 1.989999961853027344e+01
1.900000000000000000e+01 2.000000000000000000e+01
2.020000076293945312e+01 2.460000038146972656e+01
2.310000038146972656e+01 2.279999923706054688e+01
2.460000038146972656e+01 2.120000076293945312e+01
2.479999923706054688e+01 2.679999923706054688e+01
3.120000076293945312e+01 2.420000076293945312e+01
3.170000076293945312e+01 2.279999923706054688e+01
3.370000076293945312e+01 2.039999961853027344e+01
3.429999923706054688e+01 1.950000000000000000e+01
3.270000076293945312e+01 1.939999961853027344e+01
2.879999923706054688e+01 1.950000000000000000e+01
2.679999923706054688e+01 1.970000076293945312e+01
2.429999923706054688e+01 2.000000000000000000e+01
2.329999923706054688e+01 2.020000076293945312e+01
2.229999923706054688e+01 2.039999961853027344e+01
2.179999923706054688e+01 2.050000000000000000e+01
2.120000076293945312e+01 2.050000000000000000e+01
2.029999923706054688e+01 2.050000000000000000e+01
2.010000038146972656e+01 2.050000000000000000e+01
1.960000038146972656e+01 2.050000000000000000e+01
1.929999923706054688e+01 2.050000000000000000e+01
1.900000000000000000e+01 2.060000038146972656e+01
1.879999923706054688e+01 2.050000000000000000e+01
1.870000076293945312e+01 2.050000000000000000e+01
1.900000000000000000e+01 2.070000076293945312e+01
1.960000038146972656e+01 2.710000038146972656e+01
2.360000038146972656e+01 2.489999961853027344e+01
2.510000038146972656e+01 2.350000000000000000e+01
2.789999961853027344e+01 2.239999961853027344e+01
3.200000000000000000e+01 2.050000000000000000e+01
3.270000076293945312e+01 1.970000076293945312e+01
3.459999847412109375e+01 1.889999961853027344e+01
3.450000000000000000e+01 1.839999961853027344e+01
3.300000000000000000e+01 1.839999961853027344e+01
2.900000000000000000e+01 1.889999961853027344e+01
2.700000000000000000e+01 1.950000000000000000e+01
2.460000038146972656e+01 1.970000076293945312e+01
2.360000038146972656e+01 1.989999961853027344e+01
2.279999923706054688e+01 2.000000000000000000e+01
2.229999923706054688e+01 2.000000000000000000e+01
2.210000038146972656e+01 2.000000000000000000e+01
2.160000038146972656e+01 2.010000038146972656e+01
2.114999961853027344e+01 2.020000076293945312e+01
2.070000076293945312e+01 2.020000076293945312e+01
2.010000038146972656e+01 1.970000076293945312e+01
1.989999961853027344e+01 2.020000076293945312e+01
1.960000038146972656e+01 2.020000076293945312e+01
1.929999923706054688e+01 2.029999923706054688e+01
1.960000038146972656e+01 2.029999923706054688e+01
2.200000000000000000e+01 2.000000000000000000e+01
2.460000038146972656e+01 1.970000076293945312e+01
2.660000038146972656e+01 1.950000000000000000e+01
2.850000000000000000e+01 1.920000076293945312e+01
3.359999847412109375e+01 1.850000000000000000e+01
3.359999847412109375e+01 1.820000076293945312e+01
3.400000000000000000e+01 1.800000000000000000e+01
3.459999847412109375e+01 1.779999923706054688e+01
3.279999923706054688e+01 1.820000076293945312e+01
3.010000038146972656e+01 1.850000000000000000e+01
2.729999923706054688e+01 1.900000000000000000e+01
2.560000038146972656e+01 1.910000038146972656e+01
2.420000076293945312e+01 1.929999923706054688e+01
2.379999923706054688e+01 1.929999923706054688e+01
2.310000038146972656e+01 1.939999961853027344e+01
2.250000000000000000e+01 1.939999961853027344e+01
2.220000076293945312e+01 1.950000000000000000e+01
2.189999961853027344e+01 1.939999961853027344e+01
2.160000038146972656e+01 1.950000000000000000e+01
2.129999923706054688e+01 1.950000000000000000e+01
2.110000038146972656e+01 1.960000038146972656e+01
2.100000000000000000e+01 1.950000000000000000e+01
2.070000076293945312e+01 1.960000038146972656e+01
2.129999923706054688e+01 1.970000076293945312e+01
2.300000000000000000e+01 1.950000000000000000e+01
2.610000038146972656e+01 1.920000076293945312e+01
2.850000000000000000e+01 1.910000038146972656e+01
3.050000000000000000e+01 1.889999961853027344e+01
3.409999847412109375e+01 1.850000000000000000e+01
3.520000076293945312e+01 1.820000076293945312e+01
3.600000000000000000e+01 1.800000000000000000e+01
3.379999923706054688e+01 1.810000038146972656e+01
3.170000076293945312e+01 1.850000000000000000e+01
3.000000000000000000e+01 1.860000038146972656e+01
2.900000000000000000e+01 1.879999923706054688e+01
2.689999961853027344e+01 1.900000000000000000e+01
2.610000038146972656e+01 1.910000038146972656e+01
2.560000038146972656e+01 1.920000076293945312e+01
2.520000076293945312e+01 1.920000076293945312e+01
2.470000076293945312e+01 1.920000076293945312e+01
2.439999961853027344e+01 1.939999961853027344e+01
2.400000000000000000e+01 1.929999923706054688e+01
2.350000000000000000e+01 1.939999961853027344e+01
2.329999923706054688e+01 1.950000000000000000e+01
2.310000038146972656e+01 1.950000000000000000e+01
2.310000038146972656e+01 1.939999961853027344e+01
2.289999961853027344e+01 1.939999961853027344e+01
2.329999923706054688e+01 1.950000000000000000e+01
2.500000000000000000e+01 1.929999923706054688e+01
2.800000000000000000e+01 1.910000038146972656e+01
2.979999923706054688e+01 1.900000000000000000e+01
3.150000000000000000e+01 1.870000076293945312e+01
3.570000076293945312e+01 1.839999961853027344e+01
3.650000000000000000e+01 1.810000038146972656e+01
3.609999847412109375e+01 1.829999923706054688e+01
3.759999847412109375e+01 1.800000000000000000e+01
3.429999923706054688e+01 1.829999923706054688e+01
3.189999961853027344e+01 1.860000038146972656e+01
2.929999923706054688e+01 1.900000000000000000e+01
2.679999923706054688e+01 2.070000076293945312e+01
2.639999961853027344e+01 2.010000038146972656e+01
2.660000038146972656e+01 1.970000076293945312e+01
2.629999923706054688e+01 1.950000000000000000e+01
2.620000076293945312e+01 1.960000038146972656e+01
2.589999961853027344e+01 1.960000038146972656e+01
2.560000038146972656e+01 1.950000000000000000e+01
2.550000000000000000e+01 1.950000000000000000e+01
2.500000000000000000e+01 1.950000000000000000e+01
2.450000000000000000e+01 1.950000000000000000e+01
2.420000076293945312e+01 1.970000076293945312e+01
2.400000000000000000e+01 1.950000000000000000e+01
2.420000076293945312e+01 1.950000000000000000e+01
2.570000076293945312e+01 1.939999961853027344e+01
2.850000000000000000e+01 1.910000038146972656e+01
3.060000038146972656e+01 1.889999961853027344e+01
3.279999923706054688e+01 1.860000038146972656e+01
3.579999923706054688e+01 1.820000076293945312e+01
3.520000076293945312e+01 1.800000000000000000e+01
3.609999847412109375e+01 1.770000076293945312e+01
3.679999923706054688e+01 1.750000000000000000e+01
3.309999847412109375e+01 1.850000000000000000e+01
3.179999923706054688e+01 1.889999961853027344e+01
2.950000000000000000e+01 1.870000076293945312e+01
2.810000038146972656e+01 1.870000076293945312e+01
2.739999961853027344e+01 1.889999961853027344e+01
2.660000038146972656e+01 1.900000000000000000e+01
2.620000076293945312e+01 1.889999961853027344e+01
2.589999961853027344e+01 1.900000000000000000e+01
2.539999961853027344e+01 1.900000000000000000e+01
2.500000000000000000e+01 1.900000000000000000e+01
2.470000076293945312e+01 1.900000000000000000e+01
2.429999923706054688e+01 1.889999961853027344e+01
2.400000000000000000e+01 1.900000000000000000e+01
2.379999923706054688e+01 1.910000038146972656e+01
2.370000076293945312e+01 1.910000038146972656e+01
2.350000000000000000e+01 1.920000076293945312e+01
2.500000000000000000e+01 1.910000038146972656e+01
2.529999923706054688e+01 1.900000000000000000e+01
2.729999923706054688e+01 1.879999923706054688e+01
2.670000076293945312e+01 1.879999923706054688e+01
2.750000000000000000e+01 1.879999923706054688e+01
2.729999923706054688e+01 1.870000076293945312e+01
2.650000000000000000e+01 1.870000076293945312e+01
2.529999923706054688e+01 1.870000076293945312e+01
2.550000000000000000e+01 1.870000076293945312e+01
2.489999961853027344e+01 1.870000076293945312e+01
2.370000076293945312e+01 1.889999961853027344e+01
2.329999923706054688e+01 1.870000076293945312e+01
2.250000000000000000e+01 1.900000000000000000e+01
2.229999923706054688e+01 1.889999961853027344e+01
2.210000038146972656e+01 1.889999961853027344e+01
2.179999923706054688e+01 1.889999961853027344e+01
2.150000000000000000e+01 1.879999923706054688e+01
2.029999923706054688e+01 1.920000076293945312e+01
1.910000038146972656e+01 2.289999961853027344e+01
1.870000076293945312e+01 3.259999847412109375e+01
1.860000038146972656e+01 3.229999923706054688e+01
1.810000038146972656e+01 3.110000038146972656e+01
1.779999923706054688e+01 3.100000000000000000e+01
1.760000038146972656e+01 2.950000000000000000e+01
1.760000038146972656e+01 2.879999923706054688e+01
1.800000000000000000e+01 2.829999923706054688e+01
1.850000000000000000e+01 2.810000038146972656e+01
1.920000076293945312e+01 2.800000000000000000e+01
1.870000076293945312e+01 2.820000076293945312e+01
1.860000038146972656e+01 2.950000000000000000e+01
1.800000000000000000e+01 3.270000076293945312e+01
1.729999923706054688e+01 3.270000076293945312e+01
1.750000000000000000e+01 3.270000076293945312e+01
1.770000076293945312e+01 2.920000076293945312e+01
1.739999961853027344e+01 2.925000000000000000e+01
1.710000038146972656e+01 2.929999923706054688e+01
1.720000076293945312e+01 2.850000000000000000e+01
1.750000000000000000e+01 2.820000076293945312e+01
1.760000038146972656e+01 2.800000000000000000e+01
1.770000076293945312e+01 2.760000038146972656e+01
